External M5-data without correct.   91-09-06
0.12712500   -0.16000032    0.42500013
-27.298521    68.690477    -63.260419      25.514539   -3.6788161
-2.2174400    1.2000081     0.49999783

0.0316053    -0.21666705    0.50000017
20.530720    -60.188503     66.224117     -32.081477    5.9078875
91.316943    -103.79994     29.999984

-0.22683000   0.50000002    0.25000000
76.056176    -207.05085     212.08404     -96.271337    16.470603
96.64430     -108.39995     30.999986

0.13507766   -0.25555532    0.88888878
-256.38768    669.21973    -650.81657      280.18065   -44.805779
-38.897559    34.200064    -6.0000171

0.88778      -0.92500007    0.75000003
355.98739    -975.50703     1004.1630     -459.88116    79.285748
1085.6455    -1202.1996     333.99989

0.0626        1.5333336    -0.22222236
463.08928    -1252.4051     1302.5710     -618.75868    113.71649
7077.4378    -7797.5977     2151.9994

0.0626        1.5333336    -0.22222236
463.08928    -1252.4051     1302.5710     -618.75868    113.71649
7077.4378    -7797.5977     2151.9994

0.            1.95938       0.
5640.5044    -15359.583     15684.711     -7123.4939    1215.8733
18535.248    -20449.994     5649.9984
