Laser H1 20C Updated 02-02-94
-1.212909     1.935208     -0.452372
28.987723    -80.156621     83.607450     -38.531506    6.694562
14.716284    -17.112438     5.310419

0.664988     -1.147185      0.902893
725.006847   -1867.834510   1801.845764   -770.799349   123.447568
210.295296   -229.607702    63.104506

-1.995431     3.254118     -0.899932
179.147722   -470.218837    463.236202    -202.420426   33.182010
97.826922    -109.048826    30.823999

0.13507766   -0.25555532    0.88888878
-256.38768    669.21973    -650.81657      280.18065   -44.805779
-38.897559    34.200064    -6.0000171

0.88778      -0.92500007    0.75000003
355.98739    -975.50703     1004.1630     -459.88116    79.285748
1085.6455    -1202.1996     333.99989

0.0626        1.5333336    -0.22222236
463.08928    -1252.4051     1302.5710     -618.75868    113.71649
7077.4378    -7797.5977     2151.9994

0.0626        1.5333336    -0.22222236
463.08928    -1252.4051     1302.5710     -618.75868    113.71649
7077.4378    -7797.5977     2151.9994

0.            1.95938       0.
5640.5044    -15359.583     15684.711     -7123.4939    1215.8733
18535.248    -20449.994     5649.9984
